DIAS;1;2;3;4;5;6;7;8;9;10;11;12;13;14;15;16;17;18;19;20;21;22;23;24;25;26;27;28;29;30;31;TOTAL
ANDALUCIA;0;0;0;0;0;1;1;7;0;2;0;0;0;0;0;0;0;0;0;0;2;0;0;0;0;1;10;0;1;0;0;25
ARAGÓN;0;0;0;0;0;0;0;0;0;0;0;0;0;0;0;0;0;0;0;0;0;0;0;0;0;0;0;0;0;0;0;0
ASTURIAS;0;0;0;0;0;0;2;0;1;0;0;0;1;0;0;0;0;0;0;0;0;0;0;0;0;0;0;0;0;0;0;4
BALEARES;0;0;0;0;0;2;0;0;0;0;0;0;0;0;0;0;0;0;0;0;0;0;0;0;0;0;0;0;0;0;0;2
CANARIAS;0;0;0;0;0;0;0;0;0;0;0;0;0;0;0;0;0;0;0;0;0;0;0;0;0;0;0;0;0;0;0;0
CANTABRIA;0;0;0;0;0;0;0;2;0;0;0;0;0;0;0;0;0;0;0;0;0;0;0;0;0;0;0;0;0;0;0;2
C. MANCHA;0;4;0;0;0;0;0;4;0;2;0;0;0;0;0;0;0;0;0;0;0;0;0;0;0;0;0;0;0;0;0;10
C. LEÓN;0;0;0;0;0;61;14;34;3;30;0;0;0;0;2;0;0;0;0;0;0;0;0;0;0;1;0;0;0;0;0;145
CATALUÑA;0;0;0;0;5;0;0;0;0;0;0;0;0;0;0;0;0;0;0;0;0;0;0;0;0;0;0;2;0;0;0;7
C. VALENCIANA;0;0;0;0;0;0;3;0;4;0;0;0;0;0;0;0;0;0;0;0;0;0;0;0;0;0;0;0;0;0;0;7
EXTREMADURA;1;4;1;0;1;2;29;24;7;6;0;0;0;2;0;3;14;0;41;58;2;3;2;0;0;8;14;7;3;0;4;236
GALICIA;0;0;0;0;0;0;0;0;0;0;0;0;0;0;0;0;0;0;0;0;0;0;0;0;0;0;0;0;0;0;0;0
LA RIOJA;0;0;0;0;0;0;0;0;0;0;0;0;0;0;0;0;0;0;0;0;0;0;0;0;0;0;0;0;0;0;0;0
C. MADRID;0;0;0;0;0;0;1;13;9;0;0;2;0;0;0;2;0;0;0;0;0;0;0;0;0;5;0;0;0;1;4;37
MURCIA;0;0;0;0;0;0;0;0;0;0;0;0;0;0;0;0;0;0;0;0;0;0;0;0;0;0;0;0;0;0;0;0
NAVARRA;0;0;0;0;0;0;2;0;0;0;0;0;0;0;0;0;0;0;0;0;0;0;0;0;0;0;0;0;0;0;0;2
P. VASCO;0;0;0;0;0;2;3;0;0;0;0;0;1;0;0;0;0;0;0;0;0;2;0;0;0;0;0;0;1;0;0;9
CEUTA;0;0;0;0;0;0;0;0;0;0;0;0;0;0;0;0;0;0;0;0;0;0;0;0;0;0;0;0;0;0;0;0
MELILLA;0;0;0;0;0;0;0;0;0;0;0;0;0;0;0;0;0;0;0;0;0;0;0;0;0;0;0;0;0;0;0;0