DIAS;1;2;3;4;5;6;7;8;9;10;11;12;13;14;15;16;17;18;19;20;21;22;23;24;25;26;27;28;29;30;31;TOTAL
ANDALUCIA;0;6;0;0;0;2;1;0;0;0;0;1;0;0;0;0;0;1;0;0;0;0;0;0;0;1;0;5;0;0;0;17
ARAGÓN;0;0;0;0;0;0;0;0;0;0;0;0;0;0;0;0;0;0;0;0;0;0;2;0;0;0;0;0;0;0;0;2
ASTURIAS;4;0;0;0;0;0;0;0;0;0;0;0;0;0;0;0;0;0;0;0;0;0;0;0;0;0;0;0;0;1;0;5
BALEARES;0;2;0;0;0;2;0;0;0;0;0;0;0;0;0;0;0;0;0;0;0;0;0;0;0;0;0;0;0;0;0;4
CANARIAS;0;0;0;0;0;0;0;0;0;0;0;0;0;0;0;0;0;0;0;0;0;31;0;2;0;0;0;0;0;0;0;33
CANTABRIA;0;0;0;0;0;0;0;0;0;1;0;0;0;0;0;0;1;0;0;0;0;0;0;0;0;0;0;0;0;0;0;2
C. MANCHA;5;0;0;0;0;0;0;0;0;0;0;0;0;0;0;0;0;0;0;1;0;0;0;0;0;0;0;0;0;0;0;6
C. LEÓN;1;0;0;0;0;0;0;0;0;0;0;0;0;0;0;0;0;0;0;2;0;0;0;0;2;0;0;0;0;0;0;5
CATALUÑA;0;0;0;0;0;0;0;0;0;0;0;0;0;2;0;0;0;0;0;0;0;0;0;0;0;0;0;0;0;0;0;2
C. VALENCIANA;0;0;0;0;1;0;0;0;3;0;0;2;0;0;0;0;0;0;0;0;0;0;0;0;0;0;0;32;0;0;0;38
EXTREMADURA;31;105;38;42;5;2;16;0;0;2;92;2;7;15;0;26;2;3;0;9;0;0;55;55;85;6;77;10;0;25;3;713
GALICIA;0;0;0;0;0;0;0;0;0;0;0;0;0;0;0;0;0;0;0;2;0;0;0;0;0;0;0;0;0;0;0;2
LA RIOJA;0;0;0;0;0;0;0;0;0;0;0;0;0;0;0;0;0;0;0;0;0;0;0;0;0;0;0;0;0;0;0;0
C. MADRID;11;4;0;4;0;1;2;0;0;0;0;0;0;2;0;0;0;0;0;0;0;0;0;0;0;6;2;0;0;2;6;40
MURCIA;0;0;0;0;0;0;0;0;0;0;0;0;0;0;0;0;0;0;0;0;0;0;0;0;0;0;0;0;0;0;0;0
NAVARRA;0;0;0;0;0;0;0;0;0;0;0;0;0;0;0;0;0;0;0;0;0;0;0;0;0;0;0;0;0;0;0;0
P. VASCO;0;0;0;0;0;0;2;0;2;1;0;0;0;0;0;0;2;0;0;0;0;0;0;0;0;0;0;0;0;0;0;7
CEUTA;0;0;0;0;0;0;0;0;0;0;0;0;0;0;0;0;0;0;0;0;0;0;0;0;0;0;0;0;0;0;0;0
MELILLA;0;0;0;0;0;0;0;0;0;0;0;0;0;0;0;0;0;0;0;0;0;0;0;0;0;0;0;0;0;0;0;0