DIAS;1;2;3;4;5;6;7;8;9;10;11;12;13;14;15;16;17;18;19;20;21;22;23;24;25;26;27;28;29;30;31;TOTAL
ANDALUCIA;2;0;4;0;0;1;4;26;31;11;0;0;0;0;0;9;0;0;0;0;2;0;3;0;0;1;10;0;2;0;0;106
ARAGÓN;0;0;0;0;0;0;0;4;0;0;0;0;0;0;0;0;0;0;0;0;0;0;0;0;0;0;0;0;0;0;0;4
ASTURIAS;0;0;0;0;0;0;0;2;0;0;0;0;0;0;0;0;0;0;0;0;0;0;0;0;0;0;0;0;0;0;0;2
BALEARES;0;0;0;0;0;2;0;2;0;0;0;0;0;0;0;0;0;0;0;0;0;0;0;0;0;0;0;5;0;0;0;9
CANARIAS;0;0;0;0;0;0;0;0;0;0;0;0;0;0;0;0;0;0;0;2;0;0;0;0;0;0;0;0;0;0;0;2
CANTABRIA;0;0;0;0;0;0;0;4;0;0;0;0;0;0;0;0;0;0;0;0;0;0;0;0;0;0;0;0;0;0;0;4
C. MANCHA;0;0;3;0;3;0;0;4;0;2;0;0;0;0;0;0;0;0;0;0;0;0;0;0;0;0;0;4;0;0;0;16
C. LEÓN;0;0;0;0;0;65;12;39;14;0;0;0;0;0;2;0;0;0;0;0;0;0;0;0;0;1;0;11;0;5;0;149
CATALUÑA;0;0;0;0;4;2;0;0;0;0;0;0;0;0;0;0;0;0;0;0;0;0;0;0;0;0;0;0;0;2;0;8
C. VALENCIANA;0;0;0;0;2;0;3;0;0;0;0;0;0;0;0;0;0;0;0;0;0;0;0;0;0;0;0;0;0;0;0;5
EXTREMADURA;3;14;19;0;2;68;64;84;31;0;0;3;0;0;28;14;34;0;41;64;33;6;0;0;0;8;14;7;4;13;0;554
GALICIA;0;0;2;0;0;0;0;1;2;0;0;0;0;0;0;0;0;0;0;0;0;0;0;0;0;0;0;0;0;0;0;5
LA RIOJA;0;0;0;0;2;0;0;0;1;0;0;0;0;0;0;0;0;0;0;0;0;0;0;0;0;0;0;0;0;0;0;3
C. MADRID;0;2;6;0;0;10;14;36;20;42;0;0;0;0;0;2;0;0;0;0;0;0;0;0;0;5;0;6;2;0;0;145
MURCIA;0;0;0;0;0;0;0;0;0;0;0;0;0;0;0;0;0;0;0;0;0;0;0;0;0;0;0;0;0;2;0;2
NAVARRA;0;0;0;0;0;0;0;0;0;0;0;0;0;0;0;0;0;0;0;0;0;0;0;0;0;0;0;0;0;0;0;0
P. VASCO;0;0;0;0;2;4;9;0;0;0;0;0;0;0;0;0;0;0;0;0;0;0;0;0;0;0;0;3;0;0;0;18
CEUTA;0;0;0;0;0;0;0;0;0;0;0;0;0;0;0;0;0;0;0;0;0;0;0;0;0;0;0;0;0;0;0;0
MELILLA;0;0;0;0;0;0;0;0;0;0;0;0;0;0;0;0;0;0;0;0;0;0;0;0;0;0;0;0;0;0;0;0
TOTAL;0;0;0;0;0;0;0;0;0;0;0;0;0;0;0;0;0;0;0;0;0;0;0;0;0;0;0;0;0;0;0;0
DICIEMBRE;0;0;0;0;0;0;0;0;0;0;0;0;0;0;0;0;0;0;0;0;0;0;0;0;0;0;0;0;0;0;0;0
